$ANSIBLE_VAULT;1.1;AES256
36356131326561313035646664383232313032363136353966363061313138323663366333373264
3736393536613839323536343634363232393663316361390a323965303766356261313330616162
61633035323330663538353934356536363331633833333337343664646339666165396663616536
3138326331653336640a663633383766323934313532363438393731663466333263633063616533
66616465386665333232613263653339633632633739373136303465353134323566613038623464
35626361383034396231333861383335353732616365616439353533333365333939633763663734
64663734643965666562313566663061643062613333323733373036393338376536356337373935
30383934303661396265366536636432363564366461356339363038363935643231323938353865
33396139346239366463363461383762666633383138643363643539623438376464313363336138
34363532663362303833653963656165306636623965373538633062623964376434653062666663
39663339653030366434376634613839636330616361353466626338646331396233643030663633
32623963333563656532613333653365356632323736666538633663356237333731313363326639
32663666313565326233636466646536313833633232646630373530366132393836396539616438
63396561323531356530666166616236613565363065656130346638363865346462366331616362
62653262373232633839626137303764633665313266626431366163333762633833363265316265
30663765613832336166373539353861643435323864383035343861303530613564616261643836
34313431393663383233396330393363323065373539363339303138616533613963313263663432
37666663396136643065616261613663333738656330636564633230343831666563643036653161
63386466316231336330396362353332323633396434346232383433356439343961346266623639
64393832656465333862343538366266646230663532303763313362373536336637356436386534
32353834336165303737346466303734663139343764666235626662333864336166663561636634
38336535333531386565666661323666326361343961376133626132346135353461653237326139
64303066303631633037366439393430663133336364623966323430336336646633343763656465
36363234613361636531316130363630346435643237323462323532303532333230316633656134
66333162376461616533613631316163396536323263333839313666623261623336316362383766
64306464653232356664646434613431316438613835353439643531373331373466366431623635
36646366643062386631363636613538363966663134623638356434373266653831613837363661
38666633353839353836613332653633363861643663663866646539356531366632303132333664
31373838626439313164363261623262336232363263313261623335373538316666666632323639
30656662663531376466393030653033653863666137633437626537386463613034633866383438
363930326531346662323066633232336566
